ZycckZ/HandGesture_LandmarkCoordinates_Skeleton · Datasets at Hugging Face
https://huggingface.co/datasets/ZycckZ/HandGesture_LandmarkCoordinates_Skeleton

<!doctype html>

ZycckZ/HandGesture_LandmarkCoordinates_Skeleton · Datasets at Hugging Face

Hugging Face 

Datasets: 

ZycckZ 
/

HandGesture_LandmarkCoordinates_Skeleton 

like 1

Modalities: 
Tabular 

Text 

Formats: 
parquet 

Languages: 
English 

Size: 
10K - 100K 

Libraries: 
Datasets 

pandas 

Croissant 

+ 1

Dataset card Data Studio Files Files and versions 
xet
Community 
1

Dataset Viewer

Auto-converted to Parquet API Embed Duplicate Data Studio

Subset (1) 
default · 18.6k rows 
default (18.6k rows)<!> 
Split (1)

train · 18.6k rows 
train (18.6k rows)<!>

SQL
Console

x0 

float64

0

1.09

x1 

float64

0

1.05

x2 

float64

0

0.99

x3 

float64

-0.02

0.97

x4 

float64

-0.02

1

x5 

float64

0

0.99

x6 

float64

0

1

x7 

float64

0

1.05

x8 

float64

0

1.07

x9 

float64

0

1

x10 

float64

0

1.01

x11 

float64

0

1.02

x12 

float64

-0.02

1.02

x13 

float64

0

1

x14 

float64

0

1.01

x15 

float64

0

1.02

x16 

float64

0

1.02

x17 

float64

0

1

x18 

float64

0

1.01

x19 

float64

0

1.02

x20 

float64

0

1.02

y0 

float64

0

1.15

y1 

float64

0

1.04

y2 

float64

0

0.98

y3 

float64

0

0.99

y4 

float64

0

1.03

y5 

float64

0

0.89

y6 

float64

0

0.98

y7 

float64

0

1.02

y8 

float64

-0.05

1.04

y9 

float64

0

0.91

y10 

float64

0

0.96

y11 

float64

0

1

y12 

float64

-0.03

1.07

y13 

float64

0

0.94

y14 

float64

0

0.98

y15 

float64

0

1.07

y16 

float64

0

1.12

y17 

float64

0

0.97

y18 

float64

0

1.01

y19 

float64

0

1.07

y20 

float64

0

1.1

label 

stringclasses

8
values

0.487985

0.450936

0.438524

0.449717

0.476469

0.568596

0.364669

0.363802

0.423856

0.580948

0.347059

0.36255

0.430301

0.569239

0.348923

0.364246

0.423418

0.544107

0.373332

0.381361

0.43039

0.780921

0.592662

0.423715

0.290988

0.153437

0.482765

0.497725

0.543539

0.538833

0.610747

0.616424

0.640492

0.623618

0.735097

0.736542

0.743259

0.740585

0.843067

0.841003

0.827028

0.820607

thumbs_up

0.616475

0.590294

0.587009

0.581458

0.604411

0.74603

0.558107

0.527312

0.579075

0.769321

0.562832

0.533261

0.59762

0.762466

0.561476

0.530114

0.581039

0.740558

0.579106

0.549177

0.582666

0.78519

0.617506

0.428456

0.296535

0.159211

0.469041

0.489867

0.548393

0.552049

0.609693

0.616701

0.645264

0.62594

0.750118

0.754209

0.765319

0.759788

0.867751

0.877944

0.870241

0.863017

thumbs_up

0.558623

0.537105

0.531293

0.537711

0.557347

0.631984

0.491419

0.482571

0.520159

0.641596

0.486623

0.492366

0.537573

0.633872

0.488089

0.486331

0.526656

0.620916

0.500708

0.502383

0.541252

0.77212

0.594139

0.478561

0.389393

0.26483

0.516997

0.530488

0.569633

0.563825

0.624099

0.627608

0.655992

0.642003

0.727015

0.730888

0.747191

0.744619

0.809491

0.81008

0.80624

0.808828

thumbs_up

0.514186

0.489076

0.482968

0.488949

0.501857

0.582226

0.456387

0.450624

0.484678

0.59508

0.452904

0.458076

0.498835

0.590272

0.454687

0.457697

0.490512

0.576117

0.466358

0.469346

0.501316

0.775742

0.640716

0.52634

0.435518

0.339683

0.544718

0.568915

0.605017

0.603855

0.629851

0.645862

0.667955

0.658818

0.716423

0.728072

0.7384

0.740812

0.791313

0.798502

0.798359

0.801366

thumbs_up

0.475881

0.450788

0.450154

0.455294

0.461812

0.539264

0.438795

0.431473

0.456215

0.551203

0.434346

0.438023

0.46883

0.546741

0.436404

0.442159

0.468488

0.531721

0.446361

0.450456

0.476143

0.745181

0.646285

0.549073

0.476549

0.409621

0.564029

0.577813

0.606385

0.610132

0.627985

0.639324

0.656293

0.654715

0.69441

0.701547

0.707628

0.707845

0.754908

0.755305

0.754525

0.753387

thumbs_up

0.435912

0.411408

0.414665

0.424571

0.434482

0.502514

0.418653

0.406255

0.425762

0.517155

0.420138

0.413254

0.436324

0.515648

0.423061

0.419155

0.440976

0.503894

0.431224

0.428117

0.448319

0.764194

0.671568

0.577582

0.510396

0.450179

0.579083

0.598911

0.628971

0.634616

0.633744

0.654626

0.669714

0.668443

0.692484

0.708984

0.714044

0.712012

0.745023

0.755488

0.755917

0.753964

thumbs_up

0.411489

0.387757

0.389862

0.397572

0.40404

0.470184

0.399268

0.385627

0.40235

0.485827

0.402575

0.391768

0.40943

0.487159

0.406527

0.397534

0.414017

0.47935

0.41478

0.406631

0.420834

0.727418

0.646876

0.5632

0.503943

0.452228

0.56413

0.584375

0.611853

0.615973

0.612723

0.633427

0.649595

0.649425

0.664161

0.680017

0.688528

0.687289

0.710954

0.721927

0.724951

0.723155

thumbs_up

0.414715

0.397488

0.402057

0.412271

0.422802

0.467628

0.399209

0.3943

0.412459

0.477725

0.400324

0.401237

0.422417

0.475123

0.402198

0.40376

0.422257

0.464356

0.408209

0.409488

0.426426

0.723763

0.650653

0.57712

0.52441

0.477637

0.586395

0.599223

0.618785

0.622902

0.630681

0.643017

0.651099

0.649503

0.67653

0.683972

0.685953

0.684734

0.718156

0.720302

0.71903

0.717947

thumbs_up

0.404561

0.394242

0.400586

0.409128

0.418518

0.454112

0.391364

0.38758

0.403734

0.459228

0.387271

0.390104

0.408083

0.453796

0.385374

0.389618

0.405421

0.441529

0.388911

0.393378

0.410265

0.716562

0.652474

0.588463

0.540609

0.496761

0.597122

0.603398

0.61955

0.624094

0.638363

0.642006

0.650056

0.650895

0.680764

0.680885

0.684959

0.686426

0.718835

0.716474

0.717403

0.718509

thumbs_up

0.390517

0.381982

0.390837

0.404655

0.419072

0.437997

0.381148

0.376527

0.391524

0.443642

0.378301

0.380743

0.397352

0.438777

0.377262

0.380589

0.39472

0.427438

0.380213

0.383629

0.397891

0.74033

0.681326

0.620826

0.578166

0.540484

0.634553

0.637212

0.652307

0.656115

0.67443

0.67356

0.68029

0.680651

0.712683

0.709099

0.712121

0.714282

0.746039

0.74205

0.743637

0.745891

thumbs_up

0.472178

0.461797

0.477833

0.498413

0.508076

0.53322

0.575287

0.537203

0.518008

0.547498

0.580849

0.536415

0.524937

0.557221

0.583517

0.543204

0.531427

0.565093

0.587326

0.556582

0.54332

0.798031

0.725789

0.646032

0.590008

0.549039

0.64692

0.655822

0.681747

0.677017

0.690095

0.697948

0.720842

0.706234

0.728011

0.735496

0.754116

0.742527

0.763522

0.766794

0.780049

0.774782

thumbs_up

0.502953

0.491132

0.513335

0.543141

0.559204

0.580121

0.624805

0.580886

0.561277

0.595389

0.631087

0.578304

0.567258

0.604853

0.633856

0.584941

0.572067

0.611762

0.637229

0.59986

0.584114

0.815098

0.733066

0.640553

0.577036

0.530652

0.644954

0.653946

0.680184

0.67524

0.696295

0.704904

0.728073

0.712372

0.742042

0.749859

0.768334

0.755338

0.785692

0.78738

0.800482

0.793933

thumbs_up

0.506819

0.491357

0.518551

0.555331

0.577085

0.59344

0.641312

0.591461

0.570168

0.612592

0.648271

0.589563

0.581074

0.624628

0.652551

0.597002

0.585787

0.633268

0.658026

0.615106

0.599577

0.815176

0.721092

0.616013

0.546441

0.494435

0.622289

0.629184

0.659167

0.655636

0.680654

0.687289

0.714292

0.698409

0.732879

0.740059

0.760327

0.745874

0.781751

0.784487

0.797956

0.79053

thumbs_up

0.509988

0.493515

0.522945

0.563455

0.58926

0.605027

0.661782

0.605622

0.580497

0.627244

0.673879

0.607826

0.59631

0.643205

0.679445

0.615346

0.602239

0.656229

0.686525

0.636392

0.618549

0.808543

0.693144

0.571617

0.490413

0.42918

0.579739

0.583027

0.620193

0.615403

0.649712

0.648779

0.684811

0.665538

0.711192

0.710662

0.738801

0.720522

0.765509

0.764002

0.783133

0.775091

thumbs_up

0.532517

0.519467

0.557643

0.608227

0.641351

0.655312

0.721547

0.652904

0.624677

0.679347

0.736803

0.654856

0.641018

0.695048

0.739869

0.662231

0.646116

0.706973

0.743825

0.685106

0.663746

0.831465

0.699823

0.567294

0.479952

0.410005

0.570673

0.586465

0.627762

0.620317

0.65603

0.662661

0.703414

0.681907

0.729724

0.736799

0.766791

0.744504

0.792845

0.799572

0.817529

0.803033

thumbs_up

0.520659

0.506452

0.555078

0.619199

0.661818

0.673587

0.750281

0.669196

0.638895

0.70563

0.767947

0.671925

0.660053

0.724679

0.773794

0.683233

0.66864

0.737393

0.779032

0.710058

0.686863

0.843094

0.693549

0.531682

0.424569

0.338875

0.531794

0.552134

0.605162

0.596692

0.633645

0.646499

0.694138

0.664291

0.724175

0.737219

0.770853

0.74104

0.804012

0.812578

0.832522

0.813465

thumbs_up

0.494872

0.482861

0.540432

0.611323

0.665815

0.675381

0.759306

0.663793

0.629078

0.711048

0.784163

0.668446

0.651852

0.732628

0.790806

0.681728

0.662923

0.746211

0.792453

0.710557

0.68464

0.833055

0.661392

0.46808

0.341285

0.249693

0.477741

0.490211

0.554795

0.549508

0.595624

0.60191

0.662406

0.632733

0.701243

0.711081

0.754059

0.719575

0.792349

0.803885

0.82716

0.802163

thumbs_up

0.525382

0.529705

0.599886

0.698567

0.773167

0.793783

0.882842

0.758558

0.717798

0.827846

0.905695

0.75435

0.743232

0.843667

0.90657

0.76879

0.751727

0.850214

0.90426

0.802051

0.771424

0.891029

0.67443

0.454589

0.304084

0.190411

0.475787

0.509786

0.572762

0.561358

0.629057

0.65611

0.704829

0.655435

0.766807

0.796872

0.823506

0.774033

0.884181

0.915483

0.921362

0.881339

thumbs_up

0.42749

0.414888

0.451411

0.483893

0.504069

0.633819

0.584289

0.523704

0.516208

0.673981

0.592489

0.523353

0.523399

0.679345

0.590758

0.527651

0.531396

0.667743

0.592883

0.535505

0.528808

0.833057

0.688027

0.5254

0.402315

0.29971

0.557535

0.569435

0.610326

0.633408

0.654037

0.672161

0.692109

0.703047

0.753053

0.770987

0.770612

0.767021

0.844211

0.852494

0.842488

0.831018

thumbs_up

0.396732

0.377996

0.395881

0.414871

0.42942

0.530049

0.471074

0.43346

0.433484

0.56001

0.475729

0.436478

0.438865

0.564815

0.476592

0.443361

0.450835

0.556699

0.486068

0.450718

0.447269

0.795952

0.685304

0.561101

0.467408

0.388851

0.586543

0.605918

0.641274

0.659454

0.66039

0.684206

0.696969

0.700029

0.734683

0.752393

0.752438

0.746166

0.801949

0.814376

0.807691

0.794874

thumbs_up

0.747111

0.732773

0.655786

0.596304

0.581384

0.580168

0.398926

0.450193

0.511911

0.556318

0.37872

0.445062

0.511548

0.534093

0.380525

0.447909

0.513638

0.514345

0.404351

0.466056

0.523556

0.850829

0.666714

0.442305

0.285763

0.16378

0.448051

0.501509

0.546689

0.538823

0.579364

0.624846

0.657421

0.651915

0.708247

0.741807

0.769016

0.762461

0.833068

0.847272

0.870922

0.865732

thumbs_up

0.664057

0.65341

0.59165

0.543661

0.536339

0.534178

0.383638

0.422973

0.47154

0.513264

0.364912

0.415814

0.470058

0.49443

0.366041

0.418091

0.471031

0.478163

0.387913

0.436203

0.483152

0.811692

0.656596

0.475617

0.348172

0.249052

0.477624

0.519735

0.558956

0.550311

0.5803

0.621184

0.648782

0.638925

0.682175

0.713663

0.736099

0.725557

0.780755

0.800644

0.817009

0.805718

thumbs_up

0.613344

0.596267

0.54745

0.508319

0.500207

0.497107

0.370889

0.408889

0.447226

0.483152

0.359417

0.403673

0.447192

0.470473

0.364469

0.409101

0.451594

0.459436

0.381848

0.421829

0.460407

0.773343

0.633318

0.486442

0.377413

0.287866

0.489748

0.5349

0.565695

0.555493

0.574485

0.617803

0.639217

0.630368

0.662498

0.694931

0.711869

0.702211

0.746192

0.765581

0.778294

0.76925

thumbs_up

0.584275

0.564587

0.520217

0.488496

0.480609

0.486769

0.378128

0.409101

0.440264

0.479309

0.368416

0.404885

0.440251

0.471806

0.376353

0.412977

0.446972

0.464643

0.395227

0.427842

0.458825

0.76599

0.650145

0.5331

0.443356

0.367177

0.524949

0.563518

0.594856

0.585573

0.589459

0.634777

0.655989

0.647913

0.661481

0.699784

0.71533

0.705797

0.730952

0.759155

0.768114

0.757473

thumbs_up

0.54603

0.528858

0.487497

0.455097

0.446446

0.45187

0.354635

0.380608

0.408902

0.444777

0.347296

0.379647

0.412157

0.438685

0.354604

0.387581

0.418929

0.433516

0.374355

0.403612

0.431311

0.767548

0.664171

0.554425

0.471768

0.402281

0.547463

0.586179

0.61504

0.607792

0.607106

0.651604

0.67122

0.662045

0.672282

0.709085

0.722723

0.712892

0.735836

0.760852

0.769925

0.760713

thumbs_up

0.540557

0.515649

0.481304

0.456048

0.452237

0.454563

0.364288

0.391742

0.418696

0.450553

0.359558

0.392288

0.421595

0.445683

0.370666

0.401064

0.42879

0.440342

0.386461

0.411289

0.435401

0.775921

0.672054

0.576121

0.502922

0.434796

0.566885

0.601055

0.631916

0.626489

0.62054

0.657587

0.680077

0.67355

0.680937

0.712802

0.729846

0.722625

0.736045

0.761803

0.771377

0.765916

thumbs_up

0.535603

0.507122

0.480571

0.462101

0.461207

0.461954

0.381842

0.404103

0.428496

0.461146

0.377934

0.40759

0.4342

0.457728

0.389257

0.416432

0.441686

0.451432

0.403285

0.425171

0.446844

0.775579

0.674659

0.592185

0.52882

0.465987

0.578802

0.609431

0.639746

0.638051

0.627737

0.659323

0.684788

0.678767

0.682136

0.709807

0.728042

0.723413

0.730067

0.756899

0.764825

0.762417

thumbs_up

0.515681

0.485694

0.462298

0.44485

0.442974

0.446082

0.375956

0.393565

0.413587

0.447632

0.374481

0.400544

0.423734

0.446292

0.386834

0.411111

0.433508

0.44218

0.40114

0.420207

0.439099

0.754297

0.663371

0.591582

0.535563

0.478669

0.576383

0.608194

0.635138

0.633293

0.619524

0.653893

0.676655

0.669692

0.668752

0.698057

0.714279

0.708477

0.7126

0.740548

0.747405

0.743064

thumbs_up

0.491318

0.475812

0.447359

0.430331

0.432096

0.429456

0.360809

0.378564

0.398937

0.432142

0.360151

0.381997

0.403191

0.432689

0.369846

0.390091

0.410016

0.432137

0.385328

0.40344

0.422314

0.760097

0.689643

0.615406

0.557721

0.506355

0.59688

0.632246

0.652261

0.645839

0.633616

0.676413

0.688562

0.68173

0.677775

0.714707

0.723833

0.715539

0.721913

0.750941

0.754863

0.745629

thumbs_up

0.471435

0.449592

0.421694

0.408229

0.411557

0.41464

0.351424

0.367848

0.384916

0.41905

0.34998

0.371764

0.391561

0.420593

0.360774

0.379911

0.398536

0.41996

0.377046

0.393102

0.410241

0.777782

0.713315

0.64506

0.588398

0.537791

0.622053

0.658447

0.676476

0.670489

0.656281

0.698578

0.710475

0.704631

0.698444

0.733965

0.742477

0.737336

0.739544

0.767221

0.770063

0.76253

thumbs_up

0.465695

0.442589

0.476908

0.523258

0.549785

0.583267

0.64544

0.580233

0.550593

0.617583

0.667595

0.58634

0.567071

0.638096

0.676412

0.59802

0.575356

0.649822

0.680243

0.619396

0.59531

0.788286

0.656239

0.505916

0.399999

0.321486

0.523653

0.505

0.555217

0.571012

0.602399

0.59222

0.640727

0.638984

0.677884

0.675221

0.71046

0.702894

0.750854

0.742809

0.762873

0.755703

thumbs_up

0.473453

0.428182

0.422135

0.434698

0.438689

0.538109

0.585838

0.535717

0.512777

0.589844

0.625054

0.558589

0.543842

0.625996

0.652989

0.587532

0.57077

0.653566

0.672163

0.618115

0.598468

0.858575

0.738118

0.576714

0.450537

0.363249

0.546629

0.497906

0.577922

0.610209

0.60559

0.574926

0.6586

0.663176

0.669363

0.652757

0.718736

0.718532

0.734065

0.716771

0.759676

0.761952

thumbs_up

0.46873

0.413941

0.396458

0.393095

0.384167

0.526431

0.53338

0.497481

0.49214

0.58771

0.577427

0.524403

0.526843

0.627023

0.610833

0.556285

0.55756

0.655437

0.6363

0.587988

0.583105

0.841174

0.730436

0.565122

0.440624

0.35291

0.500781

0.479525

0.571122

0.598843

0.541948

0.549592

0.64046

0.638915

0.604468

0.629462

0.696516

0.683211

0.671194

0.695191

0.737099

0.725841

thumbs_up

0.447418

0.437027

0.488965

0.538744

0.57035

0.641758

0.563378

0.508265

0.504461

0.671246

0.560828

0.504888

0.511036

0.666947

0.560364

0.510496

0.518589

0.648207

0.564256

0.515371

0.510796

0.752043

0.597145

0.446926

0.348991

0.261881

0.484597

0.460235

0.51747

0.558162

0.569144

0.554756

0.595715

0.62842

0.660796

0.647845

0.665924

0.685329

0.749756

0.736965

0.733058

0.736744

thumbs_up

0.615895

0.581638

0.496213

0.437274

0.408483

0.485976

0.340485

0.382845

0.427997

0.495746

0.347411

0.395527

0.445381

0.503956

0.36814

0.412398

0.460827

0.509109

0.404533

0.439746

0.481941

0.793322

0.665428

0.527698

0.42777

0.33932

0.572981

0.646029

0.64126

0.618761

0.677984

0.739007

0.723309

0.707964

0.77458

0.81304

0.799564

0.784173

0.860187

0.875736

0.862243

0.850362

thumbs_up

0.545683

0.509635

0.478127

0.45005

0.433916

0.525274

0.381391

0.398558

0.438714

0.538847

0.377363

0.410579

0.452241

0.540305

0.38858

0.420611

0.465825

0.539038

0.411374

0.431751

0.472328

0.831738

0.653514

0.525635

0.424146

0.312456

0.517642

0.566442

0.610761

0.605478

0.607069

0.654778

0.680656

0.671869

0.700925

0.743515

0.761132

0.754883

0.787032

0.813824

0.816853

0.813864

thumbs_up

0.547326

0.528006

0.527483

0.530867

0.545554

0.6104

0.485498

0.470696

0.501631

0.614808

0.472896

0.467357

0.503029

0.603425

0.467038

0.464734

0.500594

0.587135

0.471786

0.46451

0.492097

0.812845

0.640117

0.52136

0.420977

0.316295

0.509663

0.491159

0.552664

0.567982

0.5883

0.57229

0.63155

0.63782

0.670632

0.659734

0.707367

0.723706

0.744059

0.742478

0.762689

0.774242

thumbs_up

0.534848

0.521549

0.530494

0.536294

0.547397

0.604562

0.496861

0.478024

0.501163

0.603693

0.483666

0.477019

0.511242

0.588115

0.476346

0.470923

0.500344

0.569323

0.475179

0.471099

0.498368

0.753666

0.598736

0.502127

0.412835

0.311338

0.481696

0.440965

0.504246

0.528588

0.548721

0.507576

0.578878

0.595485

0.622843

0.588649

0.648263

0.672873

0.686007

0.675192

0.702826

0.719928

thumbs_up

0.488414

0.451022

0.433041

0.427242

0.429876

0.54106

0.418989

0.411689

0.442012

0.56236

0.426727

0.423774

0.461648

0.564447

0.436105

0.433398

0.465064

0.553596

0.452434

0.447712

0.475005

0.650143

0.534486

0.420236

0.334938

0.247489

0.427436

0.468125

0.504875

0.505155

0.507763

0.543808

0.562025

0.550112

0.593327

0.622605

0.626121

0.621922

0.669404

0.688376

0.684328

0.680634

thumbs_up

0.449096

0.39226

0.377719

0.382465

0.384166

0.495646

0.480749

0.44908

0.444613

0.552121

0.521481

0.477502

0.475551

0.587921

0.548822

0.502592

0.499959

0.610442

0.574469

0.533851

0.526672

0.765497

0.676393

0.535185

0.425405

0.335733

0.453496

0.489118

0.553113

0.564983

0.490226

0.550393

0.609126

0.607818

0.549587

0.620987

0.662375

0.646444

0.615527

0.673083

0.703896

0.690328

thumbs_up

0.442233

0.37786

0.384497

0.405566

0.412183

0.587818

0.562699

0.497669

0.48586

0.672105

0.61898

0.530039

0.526006

0.716323

0.657087

0.568251

0.564998

0.738574

0.684597

0.606903

0.594485

0.87351

0.727241

0.517197

0.351389

0.207662

0.417299

0.470974

0.568512

0.591863

0.495311

0.593437

0.677472

0.671083

0.604111

0.714565

0.769665

0.740695

0.719484

0.820012

0.854589

0.821182

thumbs_up

0.492253

0.403336

0.366584

0.349411

0.341325

0.585342

0.475834

0.429545

0.451834

0.666856

0.524555

0.465446

0.494946

0.707299

0.560254

0.501247

0.523957

0.722241

0.612667

0.547615

0.540887

0.824441

0.710447

0.539628

0.417887

0.286362

0.458624

0.63776

0.691038

0.662933

0.563648

0.764908

0.772949

0.711072

0.686002

0.864159

0.860278

0.806351

0.800565

0.929772

0.92433

0.878909

thumbs_up

0.531959

0.497867

0.485808

0.488772

0.511955

0.62749

0.411691

0.409447

0.470953

0.632749

0.387302

0.405988

0.473296

0.613984

0.380117

0.399661

0.459957

0.581664

0.396087

0.413238

0.471076

0.799071

0.596518

0.428686

0.293026

0.148055

0.50145

0.493488

0.531902

0.533492

0.644448

0.628637

0.645669

0.637835

0.779785

0.761625

0.76093

0.758652

0.89528

0.879066

0.859496

0.850892

thumbs_up

0.551112

0.549038

0.54942

0.563351

0.603137

0.613842

0.405438

0.422775

0.484615

0.585939

0.356116

0.398512

0.462693

0.546235

0.332885

0.372269

0.436456

0.503641

0.333093

0.36277

0.422039

0.966538

0.737923

0.484406

0.297894

0.166028

0.500103

0.45551

0.537704

0.554427

0.631577

0.569762

0.630529

0.654044

0.753751

0.684716

0.739881

0.760266

0.862195

0.804581

0.843863

0.867005

thumbs_up

0.535867

0.52608

0.529169

0.542322

0.587275

0.621564

0.420663

0.422041

0.473676

0.606253

0.38047

0.405197

0.457033

0.572054

0.363023

0.385651

0.440063

0.531491

0.358712

0.371935

0.41923

0.954113

0.737122

0.513272

0.345393

0.224929

0.456697

0.399789

0.490131

0.514446

0.552696

0.506484

0.581827

0.602071

0.659247

0.613324

0.682798

0.698824

0.765446

0.722575

0.764211

0.77742

thumbs_up

0.515882

0.497078

0.508608

0.515995

0.534521

0.615821

0.453334

0.440892

0.4774

0.60841

0.418302

0.426029

0.475864

0.579279

0.402462

0.410404

0.456324

0.544357

0.39955

0.409624

0.453062

0.90249

0.695744

0.547494

0.421595

0.312343

0.493358

0.422065

0.512739

0.547447

0.558868

0.501728

0.591269

0.617201

0.644656

0.595173

0.680098

0.709374

0.730869

0.710016

0.758285

0.776206

thumbs_up

0.565984

0.597253

0.596997

0.593843

0.614834

0.558699

0.397193

0.413451

0.458647

0.510986

0.345246

0.373256

0.424399

0.459976

0.313133

0.344938

0.395836

0.410139

0.30344

0.334444

0.380814

0.903446

0.742373

0.547933

0.406643

0.313193

0.47304

0.437714

0.504755

0.523409

0.550598

0.517341

0.578319

0.597105

0.63678

0.600477

0.657945

0.675901

0.727369

0.701579

0.749453

0.764437

thumbs_up

0.638138

0.644609

0.631278

0.621997

0.656084

0.644155

0.44826

0.456998

0.506983

0.616025

0.399071

0.427681

0.48642

0.569028

0.368888

0.410463

0.472765

0.518173

0.366566

0.402247

0.45271

0.879905

0.652421

0.460062

0.308389

0.187904

0.352221

0.324317

0.420558

0.454368

0.436957

0.414187

0.51242

0.539741

0.543119

0.530316

0.615186

0.636107

0.650226

0.667555

0.719784

0.731921

thumbs_up

0.618857

0.636357

0.615602

0.598037

0.626551

0.60946

0.386616

0.398323

0.455394

0.578808

0.333503

0.369381

0.435832

0.526744

0.302112

0.351796

0.420348

0.470122

0.300733

0.340958

0.395456

0.87398

0.626251

0.408016

0.238949

0.104441

0.286271

0.261783

0.369149

0.400625

0.385033

0.369132

0.476341

0.501803

0.507925

0.501025

0.595346

0.61476

0.63472

0.653076

0.711487

0.725238

thumbs_up

0.61583

0.56089

0.518623

0.483361

0.474274

0.607011

0.370813

0.404416

0.473133

0.62361

0.361206

0.41888

0.482738

0.62447

0.376629

0.425694

0.491162

0.616064

0.408902

0.437908

0.497931

0.939795

0.689344

0.442329

0.258155

0.108708

0.339132

0.371713

0.460536

0.459003

0.45219

0.505192

0.564054

0.555101

0.590382

0.632676

0.685539

0.670608

0.736646

0.755186

0.785094

0.775903

thumbs_up

0.595049

0.55835

0.549746

0.536668

0.536665

0.658444

0.49832

0.481152

0.513678

0.658626

0.475859

0.48345

0.538348

0.640588

0.472791

0.480962

0.52847

0.616751

0.479916

0.485525

0.530937

0.857107

0.650559

0.533734

0.435639

0.316116

0.475166

0.439734

0.522173

0.556861

0.563045

0.514644

0.611185

0.633141

0.669447

0.630244

0.711203

0.736627

0.766229

0.746215

0.77971

0.795693

thumbs_up

0.544227

0.546807

0.562899

0.560172

0.585874

0.649552

0.50684

0.487764

0.514597

0.623595

0.459455

0.461906

0.510646

0.584926

0.434591

0.444183

0.492982

0.543574

0.420947

0.431748

0.476037

0.880691

0.669699

0.537987

0.427256

0.322901

0.477368

0.393736

0.476544

0.514511

0.536486

0.451905

0.552949

0.582048

0.606084

0.542965

0.640901

0.668396

0.671308

0.6523

0.710819

0.72987

thumbs_up

0.569456

0.508182

0.468777

0.434132

0.422291

0.600092

0.455487

0.455425

0.497662

0.661628

0.48039

0.491221

0.536678

0.695239

0.518211

0.524123

0.566585

0.708616

0.572753

0.57285

0.609111

0.699996

0.592198

0.443823

0.351741

0.240638

0.459692

0.594107

0.60142

0.559623

0.55982

0.718194

0.685551

0.619267

0.668182

0.792391

0.76039

0.709197

0.764768

0.844899

0.825922

0.794397

thumbs_up

0.587054

0.533715

0.493457

0.469713

0.444506

0.594287

0.423429

0.432134

0.474986

0.628183

0.422211

0.450746

0.507583

0.642064

0.447475

0.475642

0.53082

0.644455

0.492219

0.50978

0.560881

0.773037

0.612312

0.479357

0.379077

0.252404

0.51864

0.587122

0.604071

0.578774

0.640326

0.71488

0.712122

0.671906

0.760158

0.830354

0.805946

0.777037

0.862927

0.901563

0.869871

0.84465

thumbs_up

0.5882

0.54085

0.510814

0.496995

0.495446

0.590222

0.447447

0.452366

0.492839

0.611106

0.454941

0.476525

0.520089

0.618575

0.474772

0.485662

0.528629

0.623802

0.505318

0.515566

0.557646

0.750565

0.564388

0.456073

0.370668

0.2308

0.490929

0.529404

0.570841

0.558483

0.607154

0.640186

0.661232

0.637752

0.715869

0.753815

0.769941

0.752246

0.799219

0.834208

0.829272

0.82052

thumbs_up

0.57664

0.550068

0.535686

0.537017

0.552996

0.610719

0.458052

0.462535

0.507265

0.61893

0.449124

0.471797

0.519386

0.613029

0.456193

0.471403

0.518761

0.606757

0.474732

0.487236

0.532172

0.757594

0.557968

0.441504

0.349782

0.208827

0.484639

0.508735

0.557388

0.554155

0.607443

0.627219

0.649671

0.631135

0.721498

0.748469

0.763092

0.749932

0.809061

0.835003

0.829511

0.822961

thumbs_up

0.591142

0.566799

0.567707

0.576244

0.603756

0.639186

0.485764

0.47437

0.509817

0.63268

0.469737

0.477079

0.523098

0.616134

0.463571

0.46916

0.512692

0.600392

0.471446

0.476245

0.515201

0.837364

0.626444

0.487459

0.376948

0.251749

0.472499

0.452874

0.52205

0.545564

0.576981

0.541782

0.617371

0.639686

0.6852

0.656051

0.721311

0.746122

0.777767

0.768996

0.795819

0.813481

thumbs_up

0.588418

0.567247

0.580823

0.593465

0.62295

0.650836

0.495907

0.489041

0.52524

0.647611

0.469698

0.480973

0.529533

0.629922

0.465058

0.473981

0.518256

0.610617

0.473709

0.476219

0.512565

0.838809

0.631703

0.487628

0.366163

0.249875

0.451543

0.408818

0.487022

0.513078

0.532558

0.495109

0.575317

0.59844

0.624724

0.589979

0.662189

0.688711

0.709963

0.692747

0.728935

0.746054

thumbs_up

0.578165

0.545138

0.525851

0.517858

0.520801

0.611033

0.464514

0.464193

0.506177

0.626596

0.469608

0.482356

0.532515

0.627984

0.481086

0.480205

0.523121

0.625873

0.502734

0.50532

0.54783

0.751976

0.547088

0.432216

0.345104

0.21176

0.440936

0.439917

0.496865

0.502542

0.550546

0.542901

0.595129

0.587956

0.662535

0.658771

0.701002

0.704253

0.758706

0.759691

0.769207

0.772904

thumbs_up

0.536413

0.478436

0.453027

0.436799

0.43727

0.615933

0.445457

0.436016

0.480314

0.652612

0.457711

0.4637

0.519035

0.662637

0.480167

0.483888

0.532275

0.655579

0.513301

0.515055

0.560187

0.719028

0.562223

0.396185

0.287141

0.171379

0.394715

0.449385

0.506608

0.510789

0.498201

0.562759

0.586734

0.570085

0.613741

0.665948

0.678233

0.6695

0.721126

0.757471

0.760463

0.750584

thumbs_up

0.564085

0.53334

0.523227

0.520806

0.528126

0.614988

0.487622

0.474241

0.506553

0.630758

0.492842

0.487246

0.525651

0.632214

0.499835

0.483258

0.518443

0.628106

0.519048

0.50424

0.538458

0.711022

0.5273

0.421812

0.337536

0.208117

0.429475

0.414657

0.471054

0.490633

0.525596

0.497042

0.569251

0.591549

0.627046

0.614343

0.669098

0.684931

0.717531

0.711981

0.729282

0.746099

thumbs_up

0.576349

0.573294

0.58646

0.601247

0.627701

0.669431

0.544547

0.518807

0.545164

0.662132

0.53296

0.519172

0.555648

0.643631

0.518503

0.506021

0.539206

0.624113

0.518051

0.511208

0.543519

0.779586

0.584764

0.473426

0.378981

0.259065

0.462888

0.415313

0.483092

0.512695

0.553972

0.489699

0.571151

0.596312

0.651934

0.596657

0.663209

0.69231

0.73274

0.701396

0.726659

0.749606

thumbs_up

0.571738

0.577954

0.605298

0.632254

0.674759

0.683415

0.551902

0.526153

0.55073

0.66602

0.523751

0.516017

0.557365

0.636216

0.50175

0.493496

0.527595

0.607363

0.490723

0.490421

0.523065

0.821594

0.624125

0.507248

0.410213

0.30588

0.495001

0.423539

0.492759

0.526008

0.578439

0.496289

0.583774

0.618019

0.666969

0.597072

0.670783

0.706212

0.743207

0.699378

0.733937

0.7617

thumbs_up

0.557402

0.523533

0.507054

0.50295

0.514352

0.583044

0.452674

0.446431

0.481016

0.59837

0.45667

0.464352

0.506358

0.599999

0.466267

0.462223

0.496774

0.598506

0.486767

0.487764

0.524481

0.698363

0.517631

0.413244

0.333643

0.208394

0.425009

0.426371

0.48365

0.498024

0.524251

0.518463

0.574274

0.577462

0.627297

0.626123

0.671198

0.681661

0.714893

0.719575

0.731246

0.739669

thumbs_up

0.534316

0.488524

0.45558

0.437396

0.427475

0.540747

0.408196

0.408121

0.443861

0.567744

0.421522

0.435594

0.476549

0.579567

0.441884

0.444812

0.48074

0.585672

0.472576

0.479019

0.51708

0.692171

0.523379

0.423235

0.345256

0.21655

0.431769

0.476523

0.523354

0.51747

0.540198

0.576449

0.60862

0.591923

0.647045

0.684913

0.710228

0.703706

0.731463

0.764901

0.764581

0.761401

thumbs_up

0.519384

0.440144

0.389043

0.358476

0.339994

0.526387

0.391492

0.396592

0.439653

0.586533

0.430484

0.441668

0.486896

0.624686

0.475935

0.483341

0.523513

0.644714

0.527547

0.531156

0.568072

0.751633

0.639377

0.485889

0.382572

0.276856

0.430528

0.541825

0.595665

0.5822

0.503172

0.638803

0.65887

0.623565

0.598031

0.715336

0.727707

0.701235

0.693343

0.7776

0.786644

0.767572

thumbs_up

0.514586

0.484875

0.485314

0.495179

0.515422

0.611066

0.473748

0.447665

0.480173

0.634835

0.479681

0.453511

0.492846

0.639928

0.489619

0.46572

0.500752

0.637779

0.517325

0.496799

0.526807

0.750696

0.57207

0.443008

0.342369

0.225379

0.433038

0.44433

0.511377

0.524729

0.528771

0.529938

0.603266

0.618012

0.633702

0.634556

0.685832

0.700274

0.730199

0.728958

0.75069

0.761925

thumbs_up

0.536767

0.524864

0.535811

0.546401

0.569136

0.626177

0.519324

0.486641

0.508896

0.637435

0.519647

0.488577

0.521534

0.632664

0.517885

0.486149

0.515753

0.623601

0.52888

0.502867

0.525919

0.746394

0.555351

0.452441

0.365692

0.243476

0.454307

0.414417

0.4788

0.51117

0.542174

0.491451

0.572922

0.606359

0.638888

0.597644

0.65548

0.686668

0.726034

0.696252

0.712014

0.740781

thumbs_up

0.548507

0.554073

0.574621

0.594341

0.623912

0.666381

0.559315

0.521773

0.540175

0.666989

0.549306

0.515688

0.547608

0.652493

0.539346

0.50433

0.530517

0.634305

0.539055

0.509721

0.53011

0.750831

0.567154

0.465275

0.377016

0.260741

0.465279

0.404188

0.465848

0.501869

0.546995

0.477493

0.559063

0.594353

0.638649

0.571617

0.634523

0.672738

0.71899

0.674083

0.693966

0.725559

thumbs_up

0.480506

0.425855

0.414151

0.413147

0.416397

0.557247

0.406433

0.39705

0.440359

0.602403

0.425544

0.421062

0.470301

0.623455

0.458342

0.453777

0.495748

0.628243

0.500899

0.487728

0.519063

0.803321

0.647579

0.47252

0.350718

0.242653

0.436342

0.49478

0.565725

0.567855

0.522199

0.595289

0.648942

0.632215

0.626943

0.687651

0.725463

0.716186

0.732153

0.775439

0.793104

0.783642

thumbs_up

0.460118

0.379688

0.354438

0.348932

0.33965

0.514357

0.401419

0.379579

0.411123

0.58031

0.446946

0.412133

0.43819

0.618845

0.488246

0.452729

0.477303

0.640543

0.539607

0.505493

0.520232

0.763856

0.651074

0.489205

0.373607

0.262406

0.415231

0.504998

0.584095

0.586774

0.485579

0.602242

0.657453

0.640883

0.582103

0.688043

0.726495

0.713828

0.67953

0.758455

0.784628

0.777297

thumbs_up

0.498785

0.48314

0.502238

0.525656

0.544252

0.636029

0.51004

0.4679

[… truncated 12919 chars …]